9.676487172830746135e-04
1.637352985738856114e-03
2.770555853184659273e-03
4.688042013756285077e-03
7.932608772725937771e-03
1.342271695621434328e-02
2.271247599794114919e-02
3.843153860708493214e-02
6.502925996452815771e-02
1.100330834848285005e-01
1.861695715479911029e-01
3.148955588083245383e-01
5.322559608509711548e-01
8.985190525002305639e-01
1.507343491552850079e+00
2.436351912981526535e+00
3.594115910946803272e+00
4.695772834935626250e+00
5.461086630825883859e+00
5.781202227191053034e+00
5.706843948485691875e+00
5.362941757733351800e+00
4.880606109081500499e+00
4.356909062737879701e+00
3.847410436962789504e+00
3.377606706877442022e+00
2.955985051981578238e+00
2.582811519678901657e+00
2.254862011052272575e+00
1.967709789529388464e+00
1.716753431364484994e+00
1.497643305916962264e+00
1.306433713531350627e+00
1.139614738202309852e+00
9.940942231374819693e-01
8.671613469029570975e-01
7.564455217034218304e-01
6.598763429212081144e-01
5.756467668976624763e-01
5.021801449547356189e-01
4.381010882658979977e-01
3.822098848202271082e-01
3.334601085915431806e-01
2.909390567672762162e-01
2.480151709977549135e-01
1.948895858121299229e-01
1.531771123815494906e-01
1.204251415098233774e-01
9.470813267168876060e-02
7.451434255011780972e-02
